[gd_scene load_steps=10 format=3 uid="uid://cxto6ttjrbwaj"]

[ext_resource type="Script" uid="uid://c8eomangvu0fy" path="res://scripts/CharacterMovement.gd" id="1_36qky"]
[ext_resource type="PackedScene" uid="uid://bsp7r87lhoge0" path="res://assets/adventurer/characters/gltf/Barbarian.glb" id="1_x86cy"]

[sub_resource type="SphereShape3D" id="SphereShape3D_36qky"]

[sub_resource type="AnimationNodeAnimation" id="AnimationNodeAnimation_p1yxr"]
animation = &"Jump_Idle"

[sub_resource type="AnimationNodeAnimation" id="AnimationNodeAnimation_36qky"]
animation = &"Running_B"
use_custom_timeline = true
timeline_length = 1.0
stretch_time_scale = true
start_offset = 0.0
loop_mode = 1

[sub_resource type="AnimationNodeBlend2" id="AnimationNodeBlend2_cqqet"]

[sub_resource type="AnimationNodeBlend2" id="AnimationNodeBlend2_p1yxr"]

[sub_resource type="AnimationNodeAnimation" id="AnimationNodeAnimation_rrijo"]
animation = &"Idle"
use_custom_timeline = true
timeline_length = 1.0
stretch_time_scale = true
start_offset = 0.0
loop_mode = 1

[sub_resource type="AnimationNodeBlendTree" id="AnimationNodeBlendTree_cqqet"]
graph_offset = Vector2(-519.269, -35.6053)
nodes/Animation/node = SubResource("AnimationNodeAnimation_36qky")
nodes/Animation/position = Vector2(-80, 380)
"nodes/Animation 2/node" = SubResource("AnimationNodeAnimation_p1yxr")
"nodes/Animation 2/position" = Vector2(-80, 620)
nodes/Jump/node = SubResource("AnimationNodeBlend2_cqqet")
nodes/Jump/position = Vector2(800, 100)
nodes/Run/node = SubResource("AnimationNodeBlend2_p1yxr")
nodes/Run/position = Vector2(380, 140)
nodes/idle/node = SubResource("AnimationNodeAnimation_rrijo")
nodes/idle/position = Vector2(-80, 180)
nodes/output/position = Vector2(1240, 100)
node_connections = [&"Jump", 0, &"Run", &"Jump", 1, &"Animation 2", &"Run", 0, &"idle", &"Run", 1, &"Animation", &"output", 0, &"Jump"]

[node name="CharacterBody3D" type="CharacterBody3D"]
script = ExtResource("1_36qky")

[node name="CollisionShape3D" type="CollisionShape3D" parent="."]
transform = Transform3D(1, 0, 0, 0, 1, 0, 0, 0, 1, 0, 0.710541, 0)
shape = SubResource("SphereShape3D_36qky")

[node name="Model" parent="." instance=ExtResource("1_x86cy")]

[node name="Skeleton3D" parent="Model/Rig" index="0"]
bones/1/position = Vector3(-3.76708e-20, 0.378392, -8.98141e-27)
bones/1/rotation = Quaternion(0.0017826, 0.0424075, -7.56612e-05, 0.999099)
bones/2/rotation = Quaternion(-3.67078e-11, -0.00023738, 4.61421e-05, 1)
bones/3/rotation = Quaternion(-6.4794e-11, 3.79008e-09, -1.61985e-11, 1)
bones/4/position = Vector3(0.212007, 0.13415, 9.02516e-05)
bones/4/rotation = Quaternion(-0.555294, -0.0629864, -0.649806, 0.515202)
bones/5/rotation = Quaternion(1.4474e-08, -4.41338e-08, -0.480962, 0.876741)
bones/7/rotation = Quaternion(-0.317906, -0.329865, 0.132098, 0.879019)
bones/8/position = Vector3(8.34843e-10, 0.0961252, -0.0575)
bones/8/rotation = Quaternion(0.000861837, 0.00152301, -0.70077, 0.713385)
bones/11/position = Vector3(-0.212007, 0.134115, -9.00853e-05)
bones/11/rotation = Quaternion(-0.613859, 0.0822581, 0.623074, 0.477693)
bones/12/rotation = Quaternion(1.89164e-08, 4.74209e-08, 0.504165, 0.863607)
bones/14/rotation = Quaternion(-0.317509, 0.303586, -0.212375, 0.87288)
bones/15/position = Vector3(-1.54768e-08, 0.0961251, -0.0575)
bones/15/rotation = Quaternion(0.00348572, 0.00530669, 0.702956, 0.711205)
bones/19/rotation = Quaternion(1.4209e-06, -0.0305595, -4.6122e-05, 0.999533)
bones/22/position = Vector3(0.170945, 0.113587, 0.00111707)
bones/22/rotation = Quaternion(0.991304, 0.0810315, 0.0764798, 0.0700109)
bones/23/rotation = Quaternion(0.340328, 5.87053e-08, -2.36674e-07, 0.940307)
bones/24/rotation = Quaternion(-0.587345, -0.201289, 0.0629505, 0.781374)
bones/25/rotation = Quaternion(-1.01014e-08, 0.920355, -0.391084, 7.81556e-08)
bones/26/position = Vector3(-0.170945, 0.113587, -0.00111703)
bones/26/rotation = Quaternion(0.994071, -0.0313133, 0.02988, 0.0997473)
bones/27/rotation = Quaternion(0.381709, -6.09078e-08, 2.66807e-07, 0.924282)
bones/28/rotation = Quaternion(-0.615919, 0.111591, -0.0170697, 0.77968)
bones/29/rotation = Quaternion(2.96888e-08, 0.918778, -0.394775, -6.95425e-08)
bones/30/rotation = Quaternion(0.707107, -2.29302e-07, -4.60552e-08, 0.707107)
bones/31/position = Vector3(0.201639, 0.0258258, 0.205953)
bones/31/rotation = Quaternion(-0.702876, -7.08227e-08, -7.0232e-08, 0.711312)
bones/32/rotation = Quaternion(9.49151e-09, 1.74889e-09, 0.98621, -0.165496)
bones/33/position = Vector3(-2.5531e-08, 0.213436, -5.82784e-09)
bones/33/rotation = Quaternion(-1.01321e-07, 0.391084, 0.920355, -3.34399e-08)
bones/34/position = Vector3(8.58988e-09, 0.16565, -2.45627e-09)
bones/35/rotation = Quaternion(1, -2.29081e-09, 1.99688e-07, -1.31877e-15)
bones/37/rotation = Quaternion(0.707107, -3.82385e-08, 1.45009e-07, 0.707107)
bones/38/position = Vector3(-0.170945, 0.0248862, 0.241638)
bones/38/rotation = Quaternion(-0.704376, -7.08281e-08, -7.02279e-08, 0.709827)
bones/39/position = Vector3(1.91989e-08, 0.362833, 2.42861e-15)
bones/39/rotation = Quaternion(-5.73473e-09, 6.32676e-10, 0.994988, 0.0999923)
bones/40/position = Vector3(-1.11482e-08, 0.213436, 3.73145e-10)
bones/40/rotation = Quaternion(-1.05765e-07, 0.391084, 0.920355, -2.5928e-08)
bones/41/position = Vector3(-6.31128e-09, 0.16565, 2.67027e-09)
bones/42/rotation = Quaternion(1, 3.69977e-09, 1.94876e-07, 7.32099e-09)
bones/44/position = Vector3(0.453507, 1.10328, -0.590599)
bones/44/rotation = Quaternion(-0.707107, -7.27951e-08, -7.27951e-08, 0.707107)
bones/45/position = Vector3(0.520707, 0.771136, -0.0560837)
bones/45/rotation = Quaternion(0.79664, 0.00438464, 0.604438, -0.000273886)
bones/46/position = Vector3(-0.453507, 1.10328, -0.590599)
bones/46/rotation = Quaternion(-0.707107, -7.27951e-08, -7.27951e-08, 0.707107)
bones/47/position = Vector3(-0.510884, 0.77132, 0.0581468)
bones/47/rotation = Quaternion(-0.760127, 0.00262686, 0.649768, 0.00131893)

[node name="1H_Axe_Offhand" parent="Model/Rig/Skeleton3D" index="0"]
transform = Transform3D(-0.00606112, 0.264694, 0.964313, 0.999891, -0.0113028, 0.00938764, 0.0133845, 0.964266, -0.264597, 0.520365, 0.61935, 0.0128642)

[node name="Barbarian_Round_Shield" parent="Model/Rig/Skeleton3D" index="1"]
transform = Transform3D(-0.00606133, 0.264694, 0.964313, 0.999891, -0.0113053, 0.00938854, 0.0133872, 0.964266, -0.264596, 0.666374, 0.620998, -0.0440974)

[node name="1H_Axe" parent="Model/Rig/Skeleton3D" index="2"]
transform = Transform3D(0.00100651, -0.167356, 0.985895, 0.999975, -0.00667631, -0.00215454, 0.00694302, 0.985873, 0.167345, -0.501105, 0.622912, 0.13551)

[node name="2H_Axe" parent="Model/Rig/Skeleton3D" index="3"]
transform = Transform3D(0.00100651, -0.167356, 0.985895, 0.999975, -0.00667631, -0.00215454, 0.00694302, 0.985873, 0.167345, -0.501105, 0.622912, 0.13551)

[node name="Mug" parent="Model/Rig/Skeleton3D" index="4"]
transform = Transform3D(0.00100651, -0.167356, 0.985895, 0.999975, -0.00667631, -0.00215454, 0.00694302, 0.985873, 0.167345, -0.493217, 0.322681, 0.0851687)

[node name="Barbarian_Hat" parent="Model/Rig/Skeleton3D" index="5"]
transform = Transform3D(0.99973, 0.000302687, 0.0232349, -0.000219859, 0.999994, -0.00356731, -0.0232358, 0.00356124, 0.999724, 0.00018578, 1.1886, 0.00288549)

[node name="Barbarian_Cape" parent="Model/Rig/Skeleton3D" index="6"]
transform = Transform3D(0.996443, 0.000210424, 0.0842655, 9.05944e-05, 0.999994, -0.00356842, -0.0842657, 0.00356336, 0.996437, 0.000186228, 1.1886, 0.0028856)

[node name="AnimationTree" type="AnimationTree" parent="Model"]
tree_root = SubResource("AnimationNodeBlendTree_cqqet")
anim_player = NodePath("../AnimationPlayer")
parameters/Jump/blend_amount = 0
parameters/Run/blend_amount = 0.017393

[editable path="Model"]
