[gd_scene load_steps=19 format=3 uid="uid://bq1jxvp0pntrh"]

[ext_resource type="Script" uid="uid://c8eomangvu0fy" path="res://scripts/CharacterMovement.gd" id="1_36qky"]
[ext_resource type="PackedScene" uid="uid://bsp7r87lhoge0" path="res://assets/adventurer/characters/gltf/Barbarian.glb" id="1_x86cy"]

[sub_resource type="CapsuleShape3D" id="CapsuleShape3D_36qky"]

[sub_resource type="BoxShape3D" id="BoxShape3D_36qky"]
size = Vector3(0.695801, 0.77832, 0.317383)

[sub_resource type="BoxShape3D" id="BoxShape3D_rrijo"]
size = Vector3(1, 0.832642, 0.388428)

[sub_resource type="AnimationNodeAnimation" id="AnimationNodeAnimation_p1yxr"]
animation = &"Jump_Idle"

[sub_resource type="AnimationNodeAnimation" id="AnimationNodeAnimation_qkbam"]
animation = &"Idle"

[sub_resource type="AnimationNodeAnimation" id="AnimationNodeAnimation_36qky"]
animation = &"Running_B"
use_custom_timeline = true
timeline_length = 1.0
stretch_time_scale = true
start_offset = 0.0
loop_mode = 1

[sub_resource type="AnimationNodeAdd2" id="AnimationNodeAdd2_36qky"]

[sub_resource type="AnimationNodeAnimation" id="AnimationNodeAnimation_cqqet"]
animation = &"Dualwield_Melee_Attack_Slice"

[sub_resource type="AnimationNodeAnimation" id="AnimationNodeAnimation_s0imr"]
animation = &"1H_Melee_Attack_Slice_Diagonal"

[sub_resource type="AnimationNodeBlend2" id="AnimationNodeBlend2_klqsq"]

[sub_resource type="AnimationNodeBlendTree" id="AnimationNodeBlendTree_xmfsq"]
graph_offset = Vector2(-466.181, -359.958)
nodes/Animation/node = SubResource("AnimationNodeAnimation_s0imr")
nodes/Animation/position = Vector2(180, -360)
"nodes/Animation 2/node" = SubResource("AnimationNodeAnimation_cqqet")
"nodes/Animation 2/position" = Vector2(180, 20)
nodes/IsSpecialAttack/node = SubResource("AnimationNodeBlend2_klqsq")
nodes/IsSpecialAttack/position = Vector2(660, -240)
nodes/output/position = Vector2(980, -160)
node_connections = [&"IsSpecialAttack", 0, &"Animation", &"IsSpecialAttack", 1, &"Animation 2", &"output", 0, &"IsSpecialAttack"]

[sub_resource type="AnimationNodeOneShot" id="AnimationNodeOneShot_klqsq"]

[sub_resource type="AnimationNodeBlend2" id="AnimationNodeBlend2_cqqet"]

[sub_resource type="AnimationNodeBlend2" id="AnimationNodeBlend2_p1yxr"]

[sub_resource type="AnimationNodeAnimation" id="AnimationNodeAnimation_rrijo"]
animation = &"Idle"
use_custom_timeline = true
timeline_length = 1.0
stretch_time_scale = true
start_offset = 0.0
loop_mode = 1

[sub_resource type="AnimationNodeBlendTree" id="AnimationNodeBlendTree_cqqet"]
graph_offset = Vector2(172.428, 19.5763)
nodes/Animation/node = SubResource("AnimationNodeAnimation_36qky")
nodes/Animation/position = Vector2(-80, 380)
"nodes/Animation 2/node" = SubResource("AnimationNodeAnimation_p1yxr")
"nodes/Animation 2/position" = Vector2(-80, 620)
"nodes/Animation 3/node" = SubResource("AnimationNodeAnimation_qkbam")
"nodes/Animation 3/position" = Vector2(680, 420)
nodes/Attack/node = SubResource("AnimationNodeAdd2_36qky")
nodes/Attack/position = Vector2(1440, 380)
nodes/AttackBlendTree/node = SubResource("AnimationNodeBlendTree_xmfsq")
nodes/AttackBlendTree/position = Vector2(680, 780)
nodes/AttackOneShot/node = SubResource("AnimationNodeOneShot_klqsq")
nodes/AttackOneShot/position = Vector2(1160, 440)
nodes/Jump/node = SubResource("AnimationNodeBlend2_cqqet")
nodes/Jump/position = Vector2(800, 100)
nodes/Run/node = SubResource("AnimationNodeBlend2_p1yxr")
nodes/Run/position = Vector2(380, 140)
nodes/idle/node = SubResource("AnimationNodeAnimation_rrijo")
nodes/idle/position = Vector2(-80, 180)
nodes/output/position = Vector2(1740, 220)
node_connections = [&"AttackOneShot", 0, &"Jump", &"AttackOneShot", 1, &"AttackBlendTree", &"Jump", 0, &"Run", &"Jump", 1, &"Animation 2", &"Run", 0, &"idle", &"Run", 1, &"Animation", &"output", 0, &"AttackOneShot"]

[node name="CharacterBody3D" type="CharacterBody3D"]
script = ExtResource("1_36qky")

[node name="CollisionShape3D" type="CollisionShape3D" parent="."]
transform = Transform3D(1, 0, 0, 0, 1, 0, 0, 0, 1, 0, 1.38297, 0.153106)
shape = SubResource("CapsuleShape3D_36qky")

[node name="Model" parent="." instance=ExtResource("1_x86cy")]

[node name="Skeleton3D" parent="Model/Rig" index="0"]
bones/1/position = Vector3(0, 0.392064, 0)
bones/1/rotation = Quaternion(-1.11123e-10, 0.0431578, 2.57241e-09, 0.999068)
bones/2/rotation = Quaternion(-6.93889e-18, 7.10543e-15, 4.93038e-32, 1)
bones/3/rotation = Quaternion(8.27181e-25, 3.72529e-09, -2.75506e-40, 1)
bones/4/position = Vector3(0.212007, 0.134132, 7.92996e-08)
bones/4/rotation = Quaternion(-0.559906, -0.0608803, -0.643974, 0.517779)
bones/5/rotation = Quaternion(3.65498e-08, -4.88301e-08, -0.494719, 0.869053)
bones/7/rotation = Quaternion(-0.321065, -0.325319, 0.145726, 0.87741)
bones/8/position = Vector3(8.34843e-10, 0.0961252, -0.0575)
bones/8/rotation = Quaternion(-3.6586e-09, 6.87811e-09, -0.707107, 0.707107)
bones/11/position = Vector3(-0.212007, 0.134132, 8.6814e-08)
bones/11/rotation = Quaternion(-0.618244, 0.0807287, 0.618012, 0.478873)
bones/12/rotation = Quaternion(2.09853e-08, 5.12855e-08, 0.517939, 0.855417)
bones/14/rotation = Quaternion(-0.319291, 0.300524, -0.22735, 0.869512)
bones/15/position = Vector3(-1.5736e-08, 0.0961251, -0.0575)
bones/15/rotation = Quaternion(-1.02444e-09, -4.24391e-09, 0.707107, 0.707107)
bones/19/rotation = Quaternion(-5.80608e-11, -0.0313417, -1.88012e-09, 0.999509)
bones/22/position = Vector3(0.170945, 0.113587, 1.59941e-08)
bones/22/rotation = Quaternion(0.996185, 0.0479136, 0.0566427, -0.045939)
bones/23/rotation = Quaternion(0.165014, 6.49414e-08, -1.11407e-07, 0.986291)
bones/24/rotation = Quaternion(-0.533729, -0.260895, -1.72985e-05, 0.804405)
bones/25/rotation = Quaternion(-2.32086e-08, 0.920355, -0.391084, 7.25743e-08)
bones/26/position = Vector3(-0.170945, 0.113587, 1.55755e-08)
bones/26/rotation = Quaternion(0.997322, -0.0294574, 0.0315293, 0.0590483)
bones/27/rotation = Quaternion(0.274008, -6.38135e-08, 1.92761e-07, 0.961727)
bones/28/rotation = Quaternion(-0.559039, 0.114513, -0.00862763, 0.82115)
bones/29/rotation = Quaternion(3.03591e-08, 0.920355, -0.391084, -6.95338e-08)
bones/30/rotation = Quaternion(0.707107, -2.29302e-07, -4.60552e-08, 0.707107)
bones/31/position = Vector3(0.213918, 0.0259903, 0.173866)
bones/31/rotation = Quaternion(-0.705092, 0.0533355, 0.0533355, 0.705092)
bones/32/rotation = Quaternion(9.65792e-09, 1.77955e-09, 0.985719, -0.168398)
bones/33/position = Vector3(-1.11482e-08, 0.213436, -5.36347e-09)
bones/33/rotation = Quaternion(-1.10961e-07, 0.391084, 0.920355, -2.67919e-08)
bones/34/position = Vector3(-6.31128e-09, 0.16565, -7.10267e-09)
bones/35/rotation = Quaternion(1, -8.27364e-11, 1.94627e-07, -7.45058e-09)
bones/37/rotation = Quaternion(0.707107, -3.82385e-08, 1.45009e-07, 0.707107)
bones/38/rotation = Quaternion(-0.707107, -7.05285e-08, -7.05285e-08, 0.707107)
bones/39/rotation = Quaternion(-5.83589e-09, 6.43837e-10, 0.994809, 0.101756)
bones/40/position = Vector3(-1.11482e-08, 0.213436, -2.50942e-15)
bones/40/rotation = Quaternion(-1.05796e-07, 0.391084, 0.920355, -2.58643e-08)
bones/41/position = Vector3(-6.31128e-09, 0.16565, 2.70695e-09)
bones/42/rotation = Quaternion(1, 3.76526e-09, 1.94879e-07, 7.45058e-09)
bones/44/rotation = Quaternion(-0.707107, -7.27951e-08, -7.27951e-08, 0.707107)
bones/45/position = Vector3(0.520841, 0.788312, -0.0576373)
bones/45/rotation = Quaternion(0.794627, -1.11759e-07, 0.607098, -5.96046e-08)
bones/46/rotation = Quaternion(-0.707107, -7.27951e-08, -7.27951e-08, 0.707107)
bones/47/position = Vector3(-0.510844, 0.788312, 0.0597369)
bones/47/rotation = Quaternion(-0.758253, -1.52737e-07, 0.651961, -1.11759e-08)

[node name="1H_Axe_Offhand" parent="Model/Rig/Skeleton3D" index="0"]
transform = Transform3D(5.86721e-07, 0.262863, 0.964832, 0.999999, -3.99356e-07, -2.66236e-07, 4.53989e-07, 0.964833, -0.262863, 0.516524, 0.636705, 0.0136164)

[node name="Area3D" type="Area3D" parent="Model/Rig/Skeleton3D/1H_Axe_Offhand/1H_Axe_Offhand" index="0"]

[node name="OffHandCollision" type="CollisionShape3D" parent="Model/Rig/Skeleton3D/1H_Axe_Offhand/1H_Axe_Offhand/Area3D"]
transform = Transform3D(1, -3.41061e-13, -7.10543e-15, 9.97602e-12, 1, 0, -4.77485e-12, -5.06639e-07, 1, -0.1521, 0.661621, 0.0161126)
shape = SubResource("BoxShape3D_36qky")

[node name="Barbarian_Round_Shield" parent="Model/Rig/Skeleton3D" index="1"]
transform = Transform3D(3.75229e-07, 0.262863, 0.964833, 0.999999, -2.9198e-06, 6.39644e-07, 3.12392e-06, 0.964833, -0.262863, 0.662643, 0.636705, -0.0430841)
visible = false

[node name="Barbarian_Round_Shield" parent="Model/Rig/Skeleton3D/Barbarian_Round_Shield" index="0"]
transform = Transform3D(0.999997, 0.000956449, 0.00230214, -0.000955051, 0.999999, -0.000578105, -0.00230268, 0.000575811, 0.999997, -6.45518e-05, 0.00819978, -0.00567734)

[node name="1H_Axe" parent="Model/Rig/Skeleton3D" index="2"]
transform = Transform3D(-4.8469e-07, -0.149894, 0.988701, 0.999999, -1.9074e-07, 1.925e-07, 4.99794e-07, 0.988701, 0.149894, -0.496054, 0.64103, 0.139528)

[node name="Area3D" type="Area3D" parent="Model/Rig/Skeleton3D/1H_Axe/1H_Axe" index="0"]

[node name="MainHandCollision" type="CollisionShape3D" parent="Model/Rig/Skeleton3D/1H_Axe/1H_Axe/Area3D"]
transform = Transform3D(1, -5.06645e-07, 5.32907e-15, -1.2815e-06, 0.999998, 1.49012e-08, 1.11759e-06, 4.02331e-07, 1, -4.17233e-07, 0.796081, -0.012329)
shape = SubResource("BoxShape3D_rrijo")

[node name="2H_Axe" parent="Model/Rig/Skeleton3D" index="3"]
transform = Transform3D(-4.8469e-07, -0.149894, 0.988701, 0.999999, -1.9074e-07, 1.925e-07, 4.99794e-07, 0.988701, 0.149894, -0.496054, 0.64103, 0.139528)

[node name="Mug" parent="Model/Rig/Skeleton3D" index="4"]
transform = Transform3D(-4.8469e-07, -0.149894, 0.988701, 0.999999, -1.9074e-07, 1.925e-07, 4.99794e-07, 0.988701, 0.149894, -0.488717, 0.340464, 0.0911353)

[node name="Barbarian_Hat" parent="Model/Rig/Skeleton3D" index="5"]
transform = Transform3D(0.99972, -1.40143e-09, 0.0236466, 1.39341e-09, 1, 3.55686e-10, -0.0236466, -3.22637e-10, 0.99972, -7.55726e-09, 1.20227, -1.39052e-07)

[node name="Barbarian_Cape" parent="Model/Rig/Skeleton3D" index="6"]
transform = Transform3D(0.996275, -5.14962e-09, 0.0862353, 5.13043e-09, 1, 4.44077e-10, -0.0862353, 1.88007e-15, 0.996275, -1.91641e-06, 1.20227, 2.59003e-08)

[node name="AnimationTree" type="AnimationTree" parent="Model"]
tree_root = SubResource("AnimationNodeBlendTree_cqqet")
anim_player = NodePath("../AnimationPlayer")
parameters/Attack/add_amount = 1.0
parameters/AttackBlendTree/IsSpecialAttack/blend_amount = 0.0
parameters/AttackOneShot/active = false
parameters/AttackOneShot/internal_active = false
parameters/AttackOneShot/request = 0
parameters/Jump/blend_amount = 0
parameters/Run/blend_amount = 1.0

[editable path="Model"]
