[gd_scene load_steps=6 format=3 uid="uid://co3frmhhrl5a0"]

[ext_resource type="PackedScene" uid="uid://b0em2q3c6qaq5" path="res://scenes/enemies/SkeletonWizard.tscn" id="1_2q6dc"]
[ext_resource type="PackedScene" uid="uid://cxto6ttjrbwaj" path="res://scenes/BarbarianCharacter.tscn" id="2_w7c3h"]
[ext_resource type="Script" uid="uid://c5x4jxt40fl0r" path="res://scripts/Camera.gd" id="2_w8frs"]
[ext_resource type="PackedScene" uid="uid://cy8bewf8ntpfn" path="res://scenes/environment/level1Dungeon.tscn" id="5_ppgk2"]
[ext_resource type="Script" uid="uid://boeqyp7i1aiu0" path="res://scripts/UI/ScoreHudComponent.gd" id="6_2r41h"]

[node name="Level" type="Node3D"]

[node name="Camera3D" type="Camera3D" parent="."]
transform = Transform3D(-1, 7.41387e-08, -4.6327e-08, 0, 0.529919, 0.848048, 8.74228e-08, 0.848048, -0.529919, 0.642599, 7.828, -4.65889)
fov = 78.0
script = ExtResource("2_w8frs")

[node name="DirectionalLight3D" type="DirectionalLight3D" parent="Camera3D"]

[node name="Player" parent="." instance=ExtResource("2_w7c3h")]
transform = Transform3D(1, 0, 0, 0, 1, 0, 0, 0, 1, -0.31798, 0.23215, -0.215599)

[node name="Node3D" parent="." instance=ExtResource("5_ppgk2")]

[node name="Enemy" parent="." instance=ExtResource("1_2q6dc")]
transform = Transform3D(-4.37114e-08, 0, 1, 0, 1, 0, -1, 0, -4.37114e-08, -19, 4, 0)

[node name="Enemy2" parent="." instance=ExtResource("1_2q6dc")]
transform = Transform3D(1, 0, 0, 0, 1, 0, 0, 0, 1, -30, 4, -6)

[node name="Enemy3" parent="." instance=ExtResource("1_2q6dc")]
transform = Transform3D(-4.37114e-08, 0, -1, 0, 1, 0, 1, 0, -4.37114e-08, -30, 4, 5)

[node name="Enemy4" parent="." instance=ExtResource("1_2q6dc")]
transform = Transform3D(1, 0, 0, 0, 1, 0, 0, 0, 1, -44, 4, -5)

[node name="Enemy5" parent="." instance=ExtResource("1_2q6dc")]
transform = Transform3D(-4.37114e-08, 0, -1, 0, 1, 0, 1, 0, -4.37114e-08, -29, 4, 12)

[node name="Enemy6" parent="." instance=ExtResource("1_2q6dc")]
transform = Transform3D(-1, 0, -8.74228e-08, 0, 1, 0, 8.74228e-08, 0, -1, -44, 4, 9)

[node name="Enemy7" parent="." instance=ExtResource("1_2q6dc")]
transform = Transform3D(1, 0, 0, 0, 1, 0, 0, 0, 1, -19, 4, 14)

[node name="Enemy8" parent="." instance=ExtResource("1_2q6dc")]
transform = Transform3D(-0.866025, 0, -0.5, 0, 1, 0, 0.5, 0, -0.866025, -19, 4, 22)

[node name="Enemy9" parent="." instance=ExtResource("1_2q6dc")]
transform = Transform3D(-0.965926, 0, 0.258819, 0, 1, 0, -0.258819, 0, -0.965926, -34, 0, 34)

[node name="Enemy10" parent="." instance=ExtResource("1_2q6dc")]
transform = Transform3D(-0.866025, 0, -0.5, 0, 1, 0, 0.5, 0, -0.866025, -22, 0, 35)

[node name="Enemy11" parent="." instance=ExtResource("1_2q6dc")]
transform = Transform3D(-0.965926, 0, 0.258819, 0, 1, 0, -0.258819, 0, -0.965926, -31, 4, 24)

[node name="Enemy12" parent="." instance=ExtResource("1_2q6dc")]
transform = Transform3D(-0.866025, 0, 0.5, 0, 1, 0, -0.5, 0, -0.866025, -37, 4, 24)

[node name="Enemy13" parent="." instance=ExtResource("1_2q6dc")]
transform = Transform3D(-1, 0, -8.74228e-08, 0, 1, 0, 8.74228e-08, 0, -1, -4, -4, 37)

[node name="Enemy14" parent="." instance=ExtResource("1_2q6dc")]
transform = Transform3D(0.258819, 0, -0.965926, 0, 1, 0, 0.965926, 0, 0.258819, 9, -4, 38)

[node name="Enemy15" parent="." instance=ExtResource("1_2q6dc")]
transform = Transform3D(-4.37114e-08, 0, -1, 0, 1, 0, 1, 0, -4.37114e-08, 18, -4, 34)

[node name="Enemy16" parent="." instance=ExtResource("1_2q6dc")]
transform = Transform3D(1, 0, 0, 0, 1, 0, 0, 0, 1, 8, -4, 30)

[node name="Enemy17" parent="." instance=ExtResource("1_2q6dc")]
transform = Transform3D(0.5, 0, -0.866025, 0, 1, 0, 0.866025, 0, 0.5, -4, -4, 30)

[node name="CanvasLayer" type="CanvasLayer" parent="."]

[node name="Label" type="Label" parent="CanvasLayer"]
anchors_preset = 1
anchor_left = 1.0
anchor_right = 1.0
offset_left = -245.0
offset_top = 33.0
offset_right = -57.0
offset_bottom = 131.0
grow_horizontal = 0
theme_override_font_sizes/font_size = 40
horizontal_alignment = 2
script = ExtResource("6_2r41h")
