[gd_scene load_steps=2 format=3 uid="uid://cu5y7j3o1ctnu"]

[ext_resource type="PackedScene" uid="uid://qsjkvcf3yqbk" path="res://scenes/BarbarianCharacter.tscn" id="1_2q6dc"]

[node name="Level" type="Node3D"]

[node name="Floor" type="CSGBox3D" parent="."]
use_collision = true
size = Vector3(32.3, 1, 51.1)

[node name="Wall" type="CSGBox3D" parent="."]
transform = Transform3D(1, 0, 0, 0, 1, 0, 0, 0, 1, 0, 2.4, -6.31554)
use_collision = true
size = Vector3(13.5, 3.7, 1)

[node name="Wall2" type="CSGBox3D" parent="."]
transform = Transform3D(-4.37114e-08, 0, 1, 0, 1, 0, -1, 0, -4.37114e-08, -6.2, 2.4, 0.88446)
use_collision = true
size = Vector3(13.5, 3.7, 1)

[node name="Wall3" type="CSGBox3D" parent="."]
transform = Transform3D(-1, 0, -8.74228e-08, 0, 1, 0, 8.74228e-08, 0, -1, 0.98446, 2.4, 7.18446)
use_collision = true
size = Vector3(13.5, 3.7, 1)

[node name="CharacterBody3D" parent="." instance=ExtResource("1_2q6dc")]
transform = Transform3D(1, 0, 0, 0, 1, 0, 0, 0, 1, 8.65215, 10.6471, 0.613117)

<<<<<<< HEAD
[node name="Camera3D" type="Camera3D" parent="."]
transform = Transform3D(1, 0, 0, 0, 0.363089, 0.931755, 0, -0.931755, 0.363089, 7.92396, 17.86, 10.7922)

[node name="DirectionalLight3D" type="DirectionalLight3D" parent="Camera3D"]
transform = Transform3D(1, 0, 0, 0, 0.934733, -0.355352, 0, 0.355352, 0.934733, -7.92396, -3.63618, 2.46485)
light_energy = 0.847
light_indirect_energy = 0.462
=======
[node name="Enemy" parent="." instance=ExtResource("1_2q6dc")]
transform = Transform3D(1, 0, 0, 0, 1, 0, 0, 0, 1, -1.1, 1.6, 14.4)

[node name="Camera3D" type="Camera3D" parent="."]
transform = Transform3D(0.00152958, -0.866521, 0.499138, -0.0004279, 0.499138, 0.866523, -0.999999, -0.00153899, 0.000392685, 14.6404, 23.0012, 0.617851)

[node name="DirectionalLight3D" type="DirectionalLight3D" parent="Camera3D"]
transform = Transform3D(-0.988342, -0.147227, 0.038784, 0.126058, -0.934168, -0.333826, 0.0853791, -0.325045, 0.941836, 0, 0.702212, 2.75208)
light_energy = 0.52
light_indirect_energy = 2.28
>>>>>>> 87d4b69 (Camera)
